N = 	300 
v = 	0.050000 
ra = 	1.000000
rs =	0.000000
a =	0.000000
k =	0.000000
noise = 	0.000000
samples = 	1
maxtime =	10000
seed = 	1562088058 
 runtime = 412.086578